0.000000000000000000e+00 2.020964441331109807e-01
5.025125628140703071e-01 3.396919275651179571e-01
1.005025125628140614e+00 3.110327270481832995e-01
1.507537688442210921e+00 9.608173607037949759e-01
2.010050251256281229e+00 1.213171335943448448e-01
2.512562814070351536e+00 7.678595650712676246e-01
3.015075376884421843e+00 5.933684011361068933e-01
3.517587939698492150e+00 8.168172807969974469e-01
4.020100502512562457e+00 4.839340502770646535e-01
4.522613065326632764e+00 1.586900395110346085e-01
5.025125628140703071e+00 4.072396494355806640e-01
5.527638190954773378e+00 3.985590775715844303e-01
6.030150753768843686e+00 3.218867012780290415e-01
6.532663316582913993e+00 9.229256644657048980e-01
7.035175879396984300e+00 6.640201968219608952e-01
7.537688442211054607e+00 5.841638364506950287e-01
8.040201005025124914e+00 8.529179155513641475e-03
8.542713567839195221e+00 7.627798165516758155e-01
9.045226130653265528e+00 2.702230061538951622e-01
9.547738693467335835e+00 6.660652910405361338e-01
1.005025125628140614e+01 3.648729158017505192e-01
1.055276381909547645e+01 8.375743459616888931e-01
1.105527638190954676e+01 5.966870869694679280e-01
1.155778894472361706e+01 9.688618789690297550e-01
1.206030150753768737e+01 5.013386602605642839e-01
1.256281407035175768e+01 4.323313641162147558e-01
1.306532663316582799e+01 4.754739662951215085e-01
1.356783919597989829e+01 8.443799099821011067e-01
1.407035175879396860e+01 5.457025711531414691e-01
1.457286432160803891e+01 5.146438229037160195e-01
1.507537688442210921e+01 1.305469667352510799e+00
1.557788944723617952e+01 1.143975432384240154e+00
1.608040201005024983e+01 9.681142607749938511e-01
1.658291457286431836e+01 1.706934589470584740e+00
1.708542713567839044e+01 1.712702351843568671e+00
1.758793969849246253e+01 2.405235184690595496e+00
1.809045226130653106e+01 3.106591517520439272e+00
1.859296482412059959e+01 4.605959763819566177e+00
1.909547738693467167e+01 4.880619753462916321e+00
1.959798994974874375e+01 6.355369728043903876e+00
2.010050251256281229e+01 8.294514266968624483e+00
2.060301507537688082e+01 9.821571226458438275e+00
2.110552763819095290e+01 1.181264971022136478e+01
2.160804020100502498e+01 1.461931117994529394e+01
2.211055276381909351e+01 1.736760542048728695e+01
2.261306532663316204e+01 2.000466489071763831e+01
2.311557788944723413e+01 2.393236176960027350e+01
2.361809045226130621e+01 2.733372045089280178e+01
2.412060301507537474e+01 3.127093157517474609e+01
2.462311557788944327e+01 3.634267414576278554e+01
2.512562814070351536e+01 4.087931247787522437e+01
2.562814070351758744e+01 4.574786913740462069e+01
2.613065326633165597e+01 4.995144954586343289e+01
2.663316582914572450e+01 5.534439177600549442e+01
2.713567839195979658e+01 5.989825506285703938e+01
2.763819095477386867e+01 6.399913393626136582e+01
2.814070351758793720e+01 6.859474760917265712e+01
2.864321608040200573e+01 7.168204578994139808e+01
2.914572864321607781e+01 7.541406261774970687e+01
2.964824120603014990e+01 7.736831821055635316e+01
3.015075376884421843e+01 7.905468218060779861e+01
3.065326633165828696e+01 8.043399524127433153e+01
3.115577889447235904e+01 8.040414303534880958e+01
3.165829145728643113e+01 7.960642973275265888e+01
3.216080402010049966e+01 7.848053555818189864e+01
3.266331658291456819e+01 7.631580220941557968e+01
3.316582914572863672e+01 7.309620955468275838e+01
3.366834170854271235e+01 6.937221283777243741e+01
3.417085427135678088e+01 6.615012575716011156e+01
3.467336683417084942e+01 6.126356416566527940e+01
3.517587939698492505e+01 5.727988581645583821e+01
3.567839195979899358e+01 5.201610635642138192e+01
3.618090452261306211e+01 4.762115331013008301e+01
3.668341708542713064e+01 4.272738950009776460e+01
3.718592964824119917e+01 3.764039099245274400e+01
3.768844221105527481e+01 3.337262681725559332e+01
3.819095477386934334e+01 2.921665613945137352e+01
3.869346733668341187e+01 2.491001475076367910e+01
3.919597989949748751e+01 2.116846643686551488e+01
3.969849246231155604e+01 1.759898050418815174e+01
4.020100502512562457e+01 1.563545363056189963e+01
4.070351758793969310e+01 1.230212628814756748e+01
4.120603015075376163e+01 1.086633723070692881e+01
4.170854271356783727e+01 8.559296994398735592e+00
4.221105527638190580e+01 7.300510080946286173e+00
4.271356783919597433e+01 5.708847218904212539e+00
4.321608040201004997e+01 4.486139674840888603e+00
4.371859296482411850e+01 3.469509734102030674e+00
4.422110552763818703e+01 2.515131126383726823e+00
4.472361809045225556e+01 2.803564042478114970e+00
4.522613065326632409e+01 1.524716538331856164e+00
4.572864321608039972e+01 1.382230484513856883e+00
4.623115577889446826e+01 1.621045433452426909e+00
4.673366834170853679e+01 1.254264700806273058e+00
4.723618090452261242e+01 7.735118890887713317e-01
4.773869346733668095e+01 3.318702869318526094e-01
4.824120603015074948e+01 2.672703845982584703e-01
4.874371859296481801e+01 4.187872478278877875e-01
4.924623115577888655e+01 1.053410235405161322e+00
4.974874371859296218e+01 4.767127338881682608e-01
5.025125628140703071e+01 2.471103346268611611e-01
5.075376884422109924e+01 8.046692861115946060e-01
5.125628140703517488e+01 4.222775124724544304e-01
5.175879396984924341e+01 9.403845515897234497e-01
5.226130653266331194e+01 1.958531161376216301e-01
5.276381909547738047e+01 6.590935694430170022e-01
5.326633165829144900e+01 4.623625508525442962e-01
5.376884422110552464e+01 9.054392788075069087e-02
5.427135678391959317e+01 3.390960020962074384e-01
5.477386934673366170e+01 5.713956171866805267e-01
5.527638190954773734e+01 8.236696160597359317e-02
5.577889447236180587e+01 9.813271874934970107e-01
5.628140703517587440e+01 3.970217870185418496e-01
5.678391959798994293e+01 3.326393019533023243e-01
5.728643216080401146e+01 6.854609980864057039e-01
5.778894472361808710e+01 6.110248763563044250e-01
5.829145728643215563e+01 4.355646070547262161e-01
5.879396984924622416e+01 9.523065138855734135e-01
5.929648241206029979e+01 5.198602113919611467e-01
5.979899497487436832e+01 9.685410739378336187e-02
6.030150753768843686e+01 7.367283560523907315e-01
6.080402010050250539e+01 8.560794880864240897e-01
6.130653266331657392e+01 9.343345445764126289e-01
6.180904522613064955e+01 7.990492984650082731e-01
6.231155778894471808e+01 1.343910109991399149e-01
6.281407035175878661e+01 9.781689922675315119e-01
6.331658291457286225e+01 7.993836144761479190e-01
6.381909547738693078e+01 1.135176260550217753e-01
6.432160804020099931e+01 1.102370698946669031e-01
6.482412060301507495e+01 7.899595568440843651e-01
6.532663316582913637e+01 4.370262343448541587e-01
6.582914572864321201e+01 1.931379154921559482e-01
6.633165829145727344e+01 6.044147089215244906e-01
6.683417085427134907e+01 9.355255389563590374e-01
6.733668341708542471e+01 5.264620713114578354e-01
6.783919597989948613e+01 5.877178788485265537e-01
6.834170854271356177e+01 8.159182756423068172e-02
6.884422110552763741e+01 5.684192732997411790e-01
6.934673366834169883e+01 8.599073827152465821e-01
6.984924623115577447e+01 1.920540677953907482e-01
7.035175879396985010e+01 4.118698429943562500e-02
7.085427135678391153e+01 5.453561039052515769e-01
7.135678391959798716e+01 8.568149004320336770e-01
7.185929648241204859e+01 5.527203391200651295e-01
7.236180904522612423e+01 8.924846391288375758e-01
7.286432160804019986e+01 4.685700164584544192e-01
7.336683417085426129e+01 4.768184259294858118e-01
7.386934673366833692e+01 7.034895080661061062e-01
7.437185929648239835e+01 3.348757863039774491e-02
7.487437185929647399e+01 7.372717039558572827e-01
7.537688442211054962e+01 1.450188809968385069e-02
7.587939698492461105e+01 2.724715208256659610e-02
7.638190954773868668e+01 3.975371099684102960e-01
7.688442211055276232e+01 2.211679264795366751e-01
7.738693467336682374e+01 4.483419822922901643e-01
7.788944723618089938e+01 4.623320887425719922e-02
7.839195979899497502e+01 7.526408685738342763e-01
7.889447236180903644e+01 6.981285618476440469e-01
7.939698492462311208e+01 4.505923108888952866e-01
7.989949748743717350e+01 9.968802355494037482e-01
8.040201005025124914e+01 6.176165839356010379e-01
8.090452261306532478e+01 9.180701107792239579e-01
8.140703517587938620e+01 5.170153179747558614e-01
8.190954773869346184e+01 5.405421432313225472e-01
8.241206030150752326e+01 2.354982036227969422e-01
8.291457286432159890e+01 1.769761461937923164e-01
8.341708542713567454e+01 5.890734826568776450e-01
8.391959798994973596e+01 2.715941925595288797e-01
8.442211055276381160e+01 3.128262047676652058e-01
8.492462311557788723e+01 4.751890756744547861e-01
8.542713567839194866e+01 5.329519017649786417e-01
8.592964824120602430e+01 9.798461967220858382e-01
8.643216080402009993e+01 5.772380344395751095e-01
8.693467336683416136e+01 7.292281933793696158e-01
8.743718592964823699e+01 9.718860021425835827e-01
8.793969849246229842e+01 3.427331547955437818e-01
8.844221105527637405e+01 7.217276935440970487e-01
8.894472361809044969e+01 9.967438741321351658e-01
8.944723618090451112e+01 1.347695145228988700e-02
8.994974874371858675e+01 4.261735049580073209e-02
9.045226130653264818e+01 3.795754830710834637e-01
9.095477386934672381e+01 6.154044850910129760e-01
9.145728643216079945e+01 3.442445196014742859e-01
9.195979899497486088e+01 7.557581465005229759e-01
9.246231155778893651e+01 2.397828432423754208e-01
9.296482412060301215e+01 4.516876775882976425e-01
9.346733668341707357e+01 6.152532536321815293e-01
9.396984924623114921e+01 2.163376909565216666e-01
9.447236180904522485e+01 2.163198304314810638e-01
9.497487437185928627e+01 3.622895573472851849e-01
9.547738693467336191e+01 1.514387999095634374e-02
9.597989949748742333e+01 1.923550504853778209e-01
9.648241206030149897e+01 2.050235333545655791e-01
9.698492462311557460e+01 7.107767174762571472e-01
9.748743718592963603e+01 4.374527560750393063e-01
9.798994974874371167e+01 5.837440973205391126e-01
9.849246231155777309e+01 7.320091333168072811e-01
9.899497487437184873e+01 7.754348425052411953e-01
9.949748743718592436e+01 6.791744840251580095e-01
1.000000000000000000e+02 3.695793832660098088e-01
