0.000000000000000000e+00 8.337593651219716850e-01
5.025125628140703071e-01 6.498309591187528822e-01
1.005025125628140614e+00 3.637171284832497742e-01
1.507537688442210921e+00 1.201680828755348485e-02
2.010050251256281229e+00 1.065390181209671383e-01
2.512562814070351536e+00 4.595174432188544600e-01
3.015075376884421843e+00 8.175026887327586644e-01
3.517587939698492150e+00 9.869993112815192982e-01
4.020100502512562457e+00 1.878921736948730437e-01
4.522613065326632764e+00 4.488636635307420852e-01
5.025125628140703071e+00 2.202749766798078046e-01
5.527638190954773378e+00 8.577669267217093163e-02
6.030150753768843686e+00 8.328448383692536039e-01
6.532663316582913993e+00 9.762206505781007015e-01
7.035175879396984300e+00 3.597113746124726008e-01
7.537688442211054607e+00 4.337385003202883782e-01
8.040201005025124914e+00 7.052611409616000859e-01
8.542713567839195221e+00 9.743886322283928925e-01
9.045226130653265528e+00 8.195865455148492185e-01
9.547738693467335835e+00 2.340261377753801164e-01
1.005025125628140614e+01 9.404603889929622484e-01
1.055276381909547645e+01 1.124089275088680923e-01
1.105527638190954676e+01 3.859806048562041680e-01
1.155778894472361706e+01 2.894456279545706279e-01
1.206030150753768737e+01 2.598331032748181224e-01
1.256281407035175768e+01 5.327233727433635657e-01
1.306532663316582799e+01 2.914930927651342984e-01
1.356783919597989829e+01 3.592309908403845120e-01
1.407035175879396860e+01 3.251505620729751994e-02
1.457286432160803891e+01 3.458602270381599952e-01
1.507537688442210921e+01 6.726363950934733937e-01
1.557788944723617952e+01 6.761178861137743246e-01
1.608040201005024983e+01 1.435519596016379684e-01
1.658291457286431836e+01 4.404487291861492460e-01
1.708542713567839044e+01 8.553630181932225796e-01
1.758793969849246253e+01 5.922849720990178701e-01
1.809045226130653106e+01 1.538524622826641930e-01
1.859296482412059959e+01 7.062447158585842821e-01
1.909547738693467167e+01 9.110613064112716986e-01
1.959798994974874375e+01 2.893977289031367528e-01
2.010050251256281229e+01 4.210176704442052942e-01
2.060301507537688082e+01 3.694755370297453378e-01
2.110552763819095290e+01 8.699941003848193910e-01
2.160804020100502498e+01 5.625675074688667454e-01
2.211055276381909351e+01 7.056444503199429397e-01
2.261306532663316204e+01 4.834374327931240667e-01
2.311557788944723413e+01 5.751767073101751171e-01
2.361809045226130621e+01 6.701503493694207503e-01
2.412060301507537474e+01 2.034538926875895382e-01
2.462311557788944327e+01 3.573977442950331818e-01
2.512562814070351536e+01 3.476020883984808352e-01
2.562814070351758744e+01 3.793219356974275036e-01
2.613065326633165597e+01 5.336629967344853620e-01
2.663316582914572450e+01 7.184758977417623482e-01
2.713567839195979658e+01 8.713406748630049270e-01
2.763819095477386867e+01 4.751444130193187565e-01
2.814070351758793720e+01 2.000767266399529065e-01
2.864321608040200573e+01 9.189696556867225086e-01
2.914572864321607781e+01 5.103133446408238960e-01
2.964824120603014990e+01 1.084148041766445303e+00
3.015075376884421843e+01 1.004782717800559277e+00
3.065326633165828696e+01 3.390314908143178263e-01
3.115577889447235904e+01 1.197967735507215803e+00
3.165829145728643113e+01 1.109601761945609333e+00
3.216080402010049966e+01 1.241853836312710957e+00
3.266331658291456819e+01 1.538948898353086125e+00
3.316582914572863672e+01 1.966509363250887432e+00
3.366834170854271235e+01 2.214067246824151347e+00
3.417085427135678088e+01 2.553243517712246557e+00
3.467336683417084942e+01 2.936980108285564661e+00
3.517587939698492505e+01 3.424259290321169935e+00
3.567839195979899358e+01 4.084125099907723211e+00
3.618090452261306211e+01 4.933721581667631639e+00
3.668341708542713064e+01 6.205946905310600670e+00
3.718592964824119917e+01 8.070277126937526191e+00
3.768844221105527481e+01 9.744917273856499307e+00
3.819095477386934334e+01 1.240873101480001495e+01
3.869346733668341187e+01 1.440438859420816442e+01
3.919597989949748751e+01 1.711721091915350712e+01
3.969849246231155604e+01 2.055090693406807389e+01
4.020100502512562457e+01 2.442484213580263486e+01
4.070351758793969310e+01 2.753765848563343255e+01
4.120603015075376163e+01 3.225647837121279338e+01
4.170854271356783727e+01 3.681477320000064424e+01
4.221105527638190580e+01 4.150521793655126856e+01
4.271356783919597433e+01 4.618310330781930162e+01
4.321608040201004997e+01 5.148041727391414213e+01
4.371859296482411850e+01 5.571879509512413620e+01
4.422110552763818703e+01 6.029555219855406989e+01
4.472361809045225556e+01 6.441560388060985076e+01
4.522613065326632409e+01 6.923727689667522611e+01
4.572864321608039972e+01 7.218750582803936311e+01
4.623115577889446826e+01 7.562982898375180696e+01
4.673366834170853679e+01 7.823650306986583303e+01
4.723618090452261242e+01 7.931188503025109071e+01
4.773869346733668095e+01 8.012384743351377381e+01
4.824120603015074948e+01 7.991226605009192951e+01
4.874371859296481801e+01 7.943674642890889004e+01
4.924623115577888655e+01 7.751410267458412306e+01
4.974874371859296218e+01 7.557757693967404578e+01
5.025125628140703071e+01 7.289831644483314221e+01
5.075376884422109924e+01 6.893304792802456404e+01
5.125628140703517488e+01 6.540068720833511406e+01
5.175879396984924341e+01 6.054817904749212687e+01
5.226130653266331194e+01 5.621001555584260245e+01
5.276381909547738047e+01 5.091719744926130176e+01
5.326633165829144900e+01 4.588055935518922013e+01
5.376884422110552464e+01 4.193320568070213028e+01
5.427135678391959317e+01 3.717877530450967072e+01
5.477386934673366170e+01 3.223063648825910832e+01
5.527638190954773734e+01 2.768487784866562151e+01
5.577889447236180587e+01 2.453574433680287115e+01
5.628140703517587440e+01 2.064494177461570956e+01
5.678391959798994293e+01 1.747397297970881169e+01
5.728643216080401146e+01 1.520282160406219063e+01
5.778894472361808710e+01 1.215337435707060543e+01
5.829145728643215563e+01 1.044641824015781317e+01
5.879396984924622416e+01 8.393236156408949711e+00
5.929648241206029979e+01 6.438313017571159591e+00
5.979899497487436832e+01 4.933890460542929013e+00
6.030150753768843686e+01 4.250826008082654539e+00
6.080402010050250539e+01 3.224537203495176918e+00
6.130653266331657392e+01 3.061220216353342849e+00
6.180904522613064955e+01 2.238673565151438005e+00
6.231155778894471808e+01 1.802576122701165184e+00
6.281407035175878661e+01 1.269092801025951234e+00
6.331658291457286225e+01 9.404937402508237732e-01
6.381909547738693078e+01 8.041574286727034560e-01
6.432160804020099931e+01 8.909865054320992295e-01
6.482412060301507495e+01 7.584533387634427859e-01
6.532663316582913637e+01 1.115927422998437057e+00
6.582914572864321201e+01 2.360884165693624415e-01
6.633165829145727344e+01 9.082592776279146962e-01
6.683417085427134907e+01 6.293853089009046053e-01
6.733668341708542471e+01 7.484254691289367045e-01
6.783919597989948613e+01 6.460261900438872829e-01
6.834170854271356177e+01 2.305827180821880817e-01
6.884422110552763741e+01 9.306166519285276051e-01
6.934673366834169883e+01 1.912659333401115214e-01
6.984924623115577447e+01 3.283430245155585792e-01
7.035175879396985010e+01 5.737230160455015771e-01
7.085427135678391153e+01 5.009280947557707142e-01
7.135678391959798716e+01 4.666380352136534349e-01
7.185929648241204859e+01 2.053530540263842630e-01
7.236180904522612423e+01 3.335456483702268216e-01
7.286432160804019986e+01 7.608624622548176841e-02
7.336683417085426129e+01 9.550010156922887627e-02
7.386934673366833692e+01 4.499423095990552346e-01
7.437185929648239835e+01 2.090775730690869749e-01
7.487437185929647399e+01 1.996540178331573934e-02
7.537688442211054962e+01 1.067544664586349834e-01
7.587939698492461105e+01 6.445524114883075528e-01
7.638190954773868668e+01 6.836179431862066114e-01
7.688442211055276232e+01 1.753105897155271542e-02
7.738693467336682374e+01 1.710286986236899121e-01
7.788944723618089938e+01 9.919785448581617260e-01
7.839195979899497502e+01 9.918506874520592875e-01
7.889447236180903644e+01 5.829978302056921802e-01
7.939698492462311208e+01 1.010317881647718880e-01
7.989949748743717350e+01 6.605999467209848763e-01
8.040201005025124914e+01 4.029122565140031975e-01
8.090452261306532478e+01 7.603934507751661798e-01
8.140703517587938620e+01 2.731763561422578257e-01
8.190954773869346184e+01 4.780030662615942227e-01
8.241206030150752326e+01 1.519941423806530911e-01
8.291457286432159890e+01 8.081657696417243741e-01
8.341708542713567454e+01 3.492404403207773900e-01
8.391959798994973596e+01 5.586231891588994136e-01
8.442211055276381160e+01 8.035447396670414300e-01
8.492462311557788723e+01 2.053595146011587824e-01
8.542713567839194866e+01 2.082730958717178560e-01
8.592964824120602430e+01 9.901528781816943958e-01
8.643216080402009993e+01 4.937809537078085564e-01
8.693467336683416136e+01 4.380002812382122884e-02
8.743718592964823699e+01 8.210998157190231295e-01
8.793969849246229842e+01 3.299017163709285216e-01
8.844221105527637405e+01 5.059261015795948335e-01
8.894472361809044969e+01 4.077984607609012047e-01
8.944723618090451112e+01 2.643470078679928670e-01
8.994974874371858675e+01 4.291420793601747330e-01
9.045226130653264818e+01 5.038980073932070036e-01
9.095477386934672381e+01 8.952163833459261255e-01
9.145728643216079945e+01 1.223395040100208470e-01
9.195979899497486088e+01 6.952520774908820256e-01
9.246231155778893651e+01 7.780254395789156785e-01
9.296482412060301215e+01 8.700311247710614815e-01
9.346733668341707357e+01 1.326635347863708014e-01
9.396984924623114921e+01 3.002197223649170632e-01
9.447236180904522485e+01 3.635357325070113221e-01
9.497487437185928627e+01 1.840070452119696442e-01
9.547738693467336191e+01 7.890179844959965827e-02
9.597989949748742333e+01 5.057247845937264952e-01
9.648241206030149897e+01 8.197178450554939433e-01
9.698492462311557460e+01 9.441172689314251132e-01
9.748743718592963603e+01 9.238492737852354031e-01
9.798994974874371167e+01 8.603600011342046328e-01
9.849246231155777309e+01 1.391379370595088316e-01
9.899497487437184873e+01 5.386977998276381019e-01
9.949748743718592436e+01 9.535737642014791016e-01
1.000000000000000000e+02 8.137717963058116455e-01
